25.9625
30.2621
30.1805
30.7182
27.6711
33.0528
28.7518
26.2880
29.1398
29.8299
29.1461
28.4399
29.6161
30.9110
27.2892
28.2528
32.9859
33.0415
28.3171
28.9840
26.4553
27.2007
28.9911
28.7704
29.5376
28.6275
30.0742
33.1474
24.4931
29.9120
24.6944
26.6942
27.9861
33.6306
28.1642
27.5475
28.6208
29.2037
33.1914
29.4994
28.0829
29.7352
30.5429
27.8031
33.6413
26.4848
26.6900
30.0800
31.5881
26.9661
28.6503
32.1015
31.1438
29.2602
27.7070
24.1007
28.3963
30.9412
30.4690
31.0342
30.2903
34.1708
26.6246
26.7953
29.0232
38.3216
24.7856
26.2049
29.2194
0.8332
0.9271
0.9317
0.9189
0.8860
0.9466
0.8990
0.8544
0.9066
0.9021
0.9283
0.8790
0.8994
0.9249
0.8758
0.9164
0.9354
0.9475
0.8924
0.9164
0.9184
0.8829
0.9225
0.9186
0.9454
0.8872
0.9093
0.9417
0.8800
0.8964
0.8636
0.8766
0.9330
0.9453
0.8810
0.7538
0.8696
0.8890
0.9570
0.8955
0.8910
0.9063
0.9394
0.9034
0.9376
0.8692
0.8619
0.9515
0.9153
0.8632
0.8955
0.9208
0.8906
0.9059
0.8756
0.8299
0.8837
0.8942
0.8913
0.9019
0.9011
0.9695
0.8837
0.8325
0.8966
0.9865
0.8894
0.9005
0.9011
