9.463420740731767200e-01 8.817204301075268758e-01 1.627906976744186163e-01 8.913043478260869179e-01 7.142857142857143016e-01 6.716417910447761708e-01 6.666666666666666297e-01 9.547112388589648058e-01 3.229166666666666852e-01
9.101494749296843434e-01 8.387096774193548709e-01 3.697674418604651181e-01 9.456521739130434590e-01 7.142857142857143016e-01 1.000000000000000000e+00 7.555555555555555358e-01 9.998188449554358259e-01 1.041666666666666609e-02
3.368425515933829439e-01 8.817204301075268758e-01 3.023255813953487983e-02 9.565217391304348116e-01 7.142857142857143016e-01 6.716417910447761708e-01 6.666666666666666297e-01 9.994323808603655657e-01 9.895833333333333703e-01
9.819955700662470477e-01 9.784946236559139976e-01 2.767441860465116310e-01 1.000000000000000000e+00 6.071428571428570953e-01 6.716417910447761708e-01 7.111111111111111382e-01 9.945605178618872610e-01 9.166666666666666297e-01
9.858662095395008818e-01 8.602150537634408733e-01 4.186046511627906225e-02 9.456521739130434590e-01 7.142857142857143016e-01 8.358208955223880299e-01 2.666666666666666630e-01 9.859713533489529169e-01 9.583333333333333703e-01
9.857511201028940073e-01 7.849462365591397539e-01 3.720930232558139483e-02 7.934782608695651884e-01 6.071428571428570953e-01 6.716417910447761708e-01 7.111111111111111382e-01 9.956619405328374084e-01 6.250000000000000000e-01
9.559833382801600221e-01 9.784946236559139976e-01 2.790697674418604612e-02 9.891304347826086474e-01 6.071428571428570953e-01 1.000000000000000000e+00 7.111111111111111382e-01 9.902055505905653643e-01 3.125000000000000000e-02
9.798674250454805223e-01 7.419354838709677491e-01 6.279069767441859684e-02 7.391304347826086474e-01 4.821428571428571508e-01 8.358208955223880299e-01 4.222222222222222210e-01 9.972657665273786387e-01 7.291666666666667129e-02
9.867505809997435540e-01 9.032258064516128782e-01 3.534883720930233064e-01 9.673913043478260532e-01 6.071428571428570953e-01 6.716417910447761708e-01 7.111111111111111382e-01 9.998357527595951311e-01 9.375000000000000000e-01
9.886182604534523577e-01 9.569892473118279952e-01 3.116279069767441956e-01 9.891304347826086474e-01 6.071428571428570953e-01 8.358208955223880299e-01 1.777777777777777846e-01 9.899978261394652979e-01 9.583333333333333703e-01
9.806165159398869680e-01 8.494623655913978721e-01 1.767441860465116532e-01 9.456521739130434590e-01 7.142857142857143016e-01 6.716417910447761708e-01 7.555555555555555358e-01 9.974831525808555144e-01 8.333333333333332871e-02
9.627514047978161793e-01 8.924731182795698770e-01 2.511627906976744429e-01 9.673913043478260532e-01 3.571428571428571508e-01 8.358208955223880299e-01 3.555555555555555691e-01 9.910606024009080972e-01 5.208333333333333565e-02
9.844528304934510032e-01 8.494623655913978721e-01 3.720930232558139483e-01 8.478260869565217295e-01 7.142857142857143016e-01 8.358208955223880299e-01 7.555555555555555358e-01 9.838772010337915042e-01 7.291666666666667129e-02
9.529889938154570972e-01 8.387096774193548709e-01 1.023255813953488497e-01 8.478260869565217295e-01 3.571428571428571508e-01 8.358208955223880299e-01 3.555555555555555691e-01 9.819545421608173452e-01 5.208333333333333565e-02
9.804004708571336657e-01 8.279569892473118697e-01 2.813953488372092915e-01 8.369565217391304879e-01 4.821428571428571508e-01 8.358208955223880299e-01 4.222222222222222210e-01 9.980773411270259521e-01 3.125000000000000000e-02
9.938417055850682358e-01 8.494623655913978721e-01 1.372093023255814004e-01 8.478260869565217295e-01 7.142857142857143016e-01 6.716417910447761708e-01 6.666666666666666297e-01 9.996980749257263765e-01 9.791666666666666297e-01
9.809052490878658048e-01 7.849462365591397539e-01 5.116279069767441096e-02 7.826086956521739468e-01 3.571428571428571508e-01 5.074626865671642006e-01 5.777777777777777235e-01 9.984903746286321047e-01 9.375000000000000000e-02
9.644232302980009219e-01 8.709677419354838745e-01 3.488372093023255766e-02 9.565217391304348116e-01 7.142857142857143016e-01 1.000000000000000000e+00 7.555555555555555358e-01 9.981763725513875807e-01 3.645833333333333148e-01
7.328713602965672980e-01 8.172043010752688685e-01 2.395348837209302362e-01 8.260869565217391353e-01 8.928571428571429047e-01 8.358208955223880299e-01 9.111111111111110938e-01 9.993357648365981394e-01 2.083333333333333218e-02
9.856642982472080261e-01 8.494623655913978721e-01 1.395348837209302306e-02 9.456521739130434590e-01 7.142857142857143016e-01 6.716417910447761708e-01 6.666666666666666297e-01 9.999806767952464925e-01 9.270833333333333703e-01