*****FindWithoutRecursion*****
(1,1)
(1,2)
(2,3)
(3,2)
(4,1)
(5,2)
(5,3)
(5,4)
(5,5)
******************************
Successfully Found a Road Without Recursion!
******************************
*******FindWithRecursion******
(1,1)
(1,2)
(2,3)
(3,2)
(4,1)
(5,2)
(5,3)
(5,4)
(5,5)
******************************
Successfully Found a Road With Recursion!
******************************
*******FindTheShortest********
(1,1)
(1,2)
(2,3)
(3,2)
(4,1)
(5,2)
(5,3)
(5,4)
(5,5)
You need to walk 9 steps at least.
******************************
Successfully Found The Shortest!
******************************
************FindAll***********
(1,1)
(1,2)
(2,3)
(3,2)
(4,1)
(5,2)
(5,3)
(5,4)
(5,5)
******************************
(1,1)
(1,2)
(2,3)
(3,2)
(4,1)
(5,2)
(5,3)
(5,4)
(4,5)
(5,5)
******************************
(1,1)
(1,2)
(2,3)
(3,4)
(4,5)
(5,5)
******************************
(1,1)
(1,2)
(2,3)
(3,4)
(4,5)
(5,4)
(5,5)
******************************
4 Roads in All!
******************************
