0 1 1 0 
1 0 0 0 
1 1 0 1 
1 1 1 0 
*****FindWithoutRecursion*****
(1,1)
(2,2)
(2,3)
(2,4)
(3,3)
(4,4)
******************************
Successfully Found a Road Without Recursion!
******************************
*******FindWithRecursion******
(1,1)
(2,2)
(2,3)
(2,4)
(3,3)
(4,4)
******************************
Successfully Found a Road With Recursion!
******************************
*******FindTheShortest********
(1,1)
(2,2)
(2,3)
(2,4)
(3,3)
(4,4)
You need to walk 6 steps at least.
******************************
Successfully Found The Shortest!
******************************
************FindAll***********
(1,1)
(2,2)
(2,3)
(2,4)
(3,3)
(4,4)
******************************
(1,1)
(2,2)
(2,3)
(3,3)
(4,4)
******************************
(1,1)
(2,2)
(2,3)
(1,4)
(2,4)
(3,3)
(4,4)
******************************
(1,1)
(2,2)
(3,3)
(4,4)
******************************
4 Roads in All!
******************************
